0.7651982307434082
0.7154358625411987
0.7546755075454712
0.7279410362243652
0.7753431797027588
0.6944690346717834
0.7584847211837769
0.7718098759651184
0.7256790399551392
0.7587429285049438
0.7498473525047302
0.7704518437385559
0.7197515964508057
0.4752997159957886
0.4776829779148102
0.45654916763305664
0.4573133587837219
0.4816940128803253
0.46825894713401794
0.47730553150177
0.46511968970298767
0.4831150472164154
0.468373566865921
0.4904232919216156
0.44202500581741333
0.4686250388622284
0.4643715023994446
0.4625716805458069
0.47728320956230164
